-1 34 28 28 43 45 37 21 32 21 23 45 41 38 24 19 35 34 30 25 47 
38 -1 43 28 33 47 35 38 37 38 24 25 20 24 25 43 41 42 45 45 19 
40 41 -1 21 20 37 38 19 43 40 41 40 28 47 40 33 44 26 21 24 44 
48 21 37 -1 19 49 30 36 41 47 31 49 29 44 26 29 32 36 45 47 48 
36 38 19 25 -1 28 31 42 26 32 38 43 30 39 30 25 38 40 41 22 30 
44 21 39 39 49 -1 42 43 27 36 40 25 22 20 23 49 21 34 33 27 38 
19 20 41 41 22 46 -1 23 35 29 45 45 23 46 34 42 37 25 35 36 41 
48 41 35 48 36 27 19 -1 50 40 27 31 42 49 22 25 22 48 26 37 27 
44 24 22 32 30 45 20 36 -1 43 36 49 20 20 27 49 36 34 48 29 46 
47 19 38 47 42 35 41 32 34 -1 39 31 28 24 33 40 34 20 32 42 23 
34 42 45 41 41 44 27 25 35 36 -1 22 32 48 32 21 40 39 42 22 23 
42 33 31 38 39 44 23 39 26 45 34 -1 33 37 30 38 28 46 46 25 31 
24 49 36 23 23 29 35 34 44 38 38 28 -1 43 41 47 24 27 20 36 34 
45 20 31 25 30 42 25 49 30 23 22 26 44 -1 23 29 39 40 45 23 34 
25 33 42 40 25 31 37 32 31 23 38 49 23 42 -1 29 26 26 21 47 36 
24 49 42 40 38 44 29 20 31 19 34 28 46 48 40 -1 21 30 27 48 41 
30 28 32 26 42 28 24 48 30 21 34 26 20 49 47 30 -1 47 48 30 24 
23 36 32 19 35 22 35 45 22 25 28 24 26 33 30 48 41 -1 37 47 43 
27 23 20 20 22 39 30 37 37 33 41 41 49 45 33 34 40 40 -1 22 42 
38 22 46 44 35 49 34 26 25 31 20 25 27 42 25 29 23 35 39 -1 35 
43 30 23 40 48 28 46 30 41 48 44 29 42 40 45 27 31 19 25 29 -1 