124 127 95 132 101 149 113 114 146 142 
137 140 105 142 95 103 121 125 113 104 
95 107 115 147 119 110 136 123 141 114 
122 146 143 142 128 145 139 142 95 135 
134 148 114 141 123 103 144 114 131 109 
118 106 118 113 106 137 123 95 113 116 
106 137 115 102 125 95 143 114 137 108 
101 124 109 118 115 100 123 124 116 104 
123 134 113 142 147 119 95 122 111 147 
138 120 136 105 122 111 101 121 127 132 
132 130 116 140 148 134 142 122 146 108 
126 119 142 139 113 139 110 147 113 124 
146 104 146 132 109 120 145 110 141 124 
101 122 105 117 115 103 101 107 125 149 
116 104 121 95 145 136 102 106 134 115 
132 130 119 128 115 129 148 112 141 139 
137 144 113 142 114 128 147 117 138 95 
117 106 131 140 116 126 126 118 134 110 
136 116 143 105 146 110 136 144 122 130 
135 95 124 149 103 138 129 101 106 117 
